rxF_c_d = [-244 + j*(-89)
-246 + j*(74)
-252 + j*(236)
-241 + j*(-88)
236 + j*(244)
83 + j*(-80)
-240 + j*(-89)
-244 + j*(72)
79 + j*(80)
-80 + j*(-83)
-242 + j*(74)
242 + j*(-78)
76 + j*(242)
-247 + j*(239)
74 + j*(244)
79 + j*(81)
248 + j*(-241)
80 + j*(82)
-247 + j*(75)
78 + j*(243)
248 + j*(-81)
-253 + j*(239)
242 + j*(248)
-246 + j*(79)
-282 + j*(34)
204 + j*(-277)
282 + j*(-199)
120 + j*(41)
-203 + j*(196)
-127 + j*(279)
39 + j*(39)
-283 + j*(195)
-282 + j*(-205)
-202 + j*(-124)
282 + j*(-41)
122 + j*(42)
-282 + j*(-287)
-124 + j*(199)
280 + j*(286)
-205 + j*(283)
-201 + j*(199)
202 + j*(282)
120 + j*(201)
-199 + j*(122)
281 + j*(-42)
-283 + j*(199)
41 + j*(-280)
-41 + j*(-41)
-183 + j*(186)
-185 + j*(185)
185 + j*(-186)
-183 + j*(186)
-186 + j*(-184)
188 + j*(182)
-188 + j*(-181)
179 + j*(-188)
-184 + j*(186)
-188 + j*(-184)
-188 + j*(-181)
-188 + j*(-178)
187 + j*(182)
183 + j*(182)
187 + j*(184)
188 + j*(181)
180 + j*(-188)
182 + j*(-186)
-181 + j*(187)
180 + j*(-188)
-178 + j*(190)
179 + j*(-186)
-180 + j*(184)
-178 + j*(188)
185 + j*(179)
179 + j*(-187)
-177 + j*(187)
-186 + j*(-176)
-185 + j*(-179)
173 + j*(-185)
-184 + j*(-177)
-185 + j*(-177)
182 + j*(176)
-176 + j*(184)
-184 + j*(-176)
181 + j*(178)
-185 + j*(-173)
-175 + j*(182)
-177 + j*(184)
-174 + j*(182)
181 + j*(178)
-173 + j*(185)
174 + j*(-183)
183 + j*(177)
-184 + j*(-172)
182 + j*(175)
174 + j*(-184)
-175 + j*(182)
170 + j*(-182)
173 + j*(-184)
-183 + j*(-170)
183 + j*(170)
-183 + j*(-174)
-184 + j*(-175)
180 + j*(172)
171 + j*(-184)
180 + j*(172)
-172 + j*(181)
175 + j*(-181)
-181 + j*(-172)
170 + j*(-181)
168 + j*(-180)
177 + j*(172)
-175 + j*(180)
-177 + j*(179)
176 + j*(172)
-179 + j*(-173)
176 + j*(175)
172 + j*(-178)
-177 + j*(-174)
-175 + j*(179)
-175 + j*(178)
-175 + j*(178)
-180 + j*(177)
-177 + j*(174)
-178 + j*(-177)
175 + j*(-178)
-175 + j*(178)
172 + j*(-176)
-178 + j*(176)
-174 + j*(-178)
173 + j*(173)
-178 + j*(-177)
-176 + j*(174)
174 + j*(-177)
174 + j*(-176)
-176 + j*(172)
-175 + j*(-180)
-180 + j*(-182)
171 + j*(174)
-177 + j*(172)
173 + j*(178)
174 + j*(-175)
174 + j*(176)
-179 + j*(-179)
-180 + j*(171)
-181 + j*(173)
-179 + j*(-182)
-172 + j*(-179)
172 + j*(176)
172 + j*(175)
-187 + j*(-202)
189 + j*(-214)
164 + j*(172)
172 + j*(-177)
-181 + j*(168)
173 + j*(-179)
-175 + j*(-184)
-177 + j*(-184)
172 + j*(178)
-182 + j*(172)
-182 + j*(-184)
-186 + j*(173)
-180 + j*(-185)
175 + j*(178)
175 + j*(178)
-176 + j*(-186)
-183 + j*(173)
-185 + j*(174)
-183 + j*(172)
0 + j*(0)
0 + j*(0)
0 + j*(0)
0 + j*(0)
0 + j*(0)
0 + j*(0)
0 + j*(0)
0 + j*(0)
0 + j*(0)
0 + j*(0)
0 + j*(0)
0 + j*(0)
0 + j*(0)
0 + j*(0)
0 + j*(0)
0 + j*(0)
0 + j*(0)
0 + j*(0)
0 + j*(0)
0 + j*(0)
0 + j*(0)
0 + j*(0)
0 + j*(0)
0 + j*(0)
0 + j*(0)
0 + j*(0)
0 + j*(0)
0 + j*(0)
0 + j*(0)
0 + j*(0)
0 + j*(0)
0 + j*(0)
0 + j*(0)
0 + j*(0)
0 + j*(0)
0 + j*(0)
0 + j*(0)
0 + j*(0)
0 + j*(0)
0 + j*(0)
0 + j*(0)
0 + j*(0)
0 + j*(0)
0 + j*(0)
0 + j*(0)
0 + j*(0)
0 + j*(0)
0 + j*(0)
0 + j*(0)
0 + j*(0)
0 + j*(0)
0 + j*(0)
0 + j*(0)
0 + j*(0)
0 + j*(0)
0 + j*(0)
0 + j*(0)
0 + j*(0)
0 + j*(0)
0 + j*(0)
0 + j*(0)
0 + j*(0)
0 + j*(0)
0 + j*(0)
0 + j*(0)
0 + j*(0)
0 + j*(0)
0 + j*(0)
0 + j*(0)
0 + j*(0)
0 + j*(0)
0 + j*(0)
0 + j*(0)
0 + j*(0)
0 + j*(0)
0 + j*(0)
0 + j*(0)
0 + j*(0)
0 + j*(0)
0 + j*(0)
0 + j*(0)
0 + j*(0)
0 + j*(0)
0 + j*(0)
0 + j*(0)
0 + j*(0)
0 + j*(0)
0 + j*(0)
0 + j*(0)
0 + j*(0)
0 + j*(0)
0 + j*(0)
0 + j*(0)
0 + j*(0)
0 + j*(0)
0 + j*(0)
0 + j*(0)
0 + j*(0)
0 + j*(0)
0 + j*(0)
0 + j*(0)
0 + j*(0)
0 + j*(0)
0 + j*(0)
0 + j*(0)
0 + j*(0)
0 + j*(0)
0 + j*(0)
0 + j*(0)
0 + j*(0)
0 + j*(0)
0 + j*(0)
0 + j*(0)
0 + j*(0)
0 + j*(0)
0 + j*(0)
0 + j*(0)
0 + j*(0)
0 + j*(0)
0 + j*(0)
0 + j*(0)
0 + j*(0)
0 + j*(0)
0 + j*(0)
0 + j*(0)
0 + j*(0)
0 + j*(0)
0 + j*(0)
0 + j*(0)
0 + j*(0)
0 + j*(0)
0 + j*(0)
];
